%YAML:1.0
---
body_T_cam0: !!opencv-matrix
   rows: 4
   cols: 4
   dt: d
   data: [ 1.6410433296442872e-02, -9.9986403149102998e-01,
       1.6174701010672858e-03, -1.5544069879950252e-02,
       9.9977345649285876e-01, 1.6430834214025802e-02,
       1.3530091623979185e-02, -6.9439555969557462e-02,
       -1.3554828340671624e-02, 1.3950690076278216e-03,
       9.9990715589554557e-01, 9.5267927717998264e-03, 0., 0., 0., 1. ]
