%YAML:1.0
---
body_T_cam0: !!opencv-matrix
   rows: 4
   cols: 4
   dt: d
   data: [ -1.6844830577577552e-01, -9.6112347794809927e-01,
       2.1878489074481494e-01, 3.3130539900397010e-01,
       9.6137623391683880e-01, -2.0920587696490833e-01,
       -1.7885367735447696e-01, 3.0825554840545144e-01,
       2.1767155335768273e-01, 1.8020699537002841e-01,
       9.5924164509187149e-01, 6.5123254833446359e-02, 0., 0., 0., 1. ]
