%YAML:1.0
---
body_T_cam0: !!opencv-matrix
   rows: 4
   cols: 4
   dt: d
   data: [ 1.6250774607480478e-02, -9.9986794096225984e-01,
       -1.1384440146208329e-04, -8.1251615620379237e-03,
       9.9977213468821502e-01, 1.6247641055434636e-02,
       1.3845319104433308e-02, -6.6359440063442812e-02,
       -1.3841641001944044e-02, -3.3881562040683887e-04,
       9.9990414249484372e-01, 1.1553862583013099e-02, 0., 0., 0., 1. ]
