%YAML:1.0
---
body_T_cam0: !!opencv-matrix
   rows: 4
   cols: 4
   dt: d
   data: [ 1.4959838200141684e-02, -9.9988282300930464e-01,
       3.2470743707333268e-03, -1.2790244031688143e-02,
       9.9980940078931879e-01, 1.4999324087175747e-02,
       1.2497294516467132e-02, -7.3697220514749001e-02,
       -1.2544534041925652e-02, 3.0594979770153753e-03,
       9.9991663359392102e-01, 7.6733529289174200e-03, 0., 0., 0., 1. ]
