%YAML:1.0
---
body_T_cam0: !!opencv-matrix
   rows: 4
   cols: 4
   dt: d
   data: [ 1.6270625621244483e-02, -9.9986704569037010e-01,
       1.0759573899760747e-03, -8.4626610580338744e-03,
       9.9979874856130257e-01, 1.6282125966278205e-02,
       1.1719844251179591e-02, -7.5386500783728758e-02,
       -1.1735804921136144e-02, 8.8505165385312484e-04,
       9.9993074138483362e-01, 4.7111292774011087e-03, 0., 0., 0., 1. ]
