%YAML:1.0
---
body_T_cam0: !!opencv-matrix
   rows: 4
   cols: 4
   dt: d
   data: [ 1.4855404070042155e-02, -9.9988217434056137e-01,
       3.8670926943754590e-03, -1.4312146230731940e-02,
       9.9980879998247307e-01, 1.4903274089134277e-02,
       1.2659221896752029e-02, -7.4555545642841281e-02,
       -1.2715362657936432e-02, 3.6782954496959383e-03,
       9.9991239100986340e-01, 5.9562313272325919e-03, 0., 0., 0., 1. ]
