%YAML:1.0
---
body_T_cam0: !!opencv-matrix
   rows: 4
   cols: 4
   dt: d
   data: [ 1.6369873507909749e-02, -9.9986175784418896e-01,
       2.9141794837910674e-03, -1.6476983128911160e-02,
       9.9977641239146620e-01, 1.6407353295709748e-02,
       1.3338814920329567e-02, -7.2311105184173954e-02,
       -1.3384784906156683e-02, 2.6951731963782326e-03,
       9.9990678744293837e-01, 3.7442080668360555e-03, 0., 0., 0., 1. ]
