%YAML:1.0
---
body_T_cam0: !!opencv-matrix
   rows: 4
   cols: 4
   dt: d
   data: [ 1.5355515798673447e-02, -9.9987234472421116e-01,
       4.4161510691263922e-03, -1.2575858633195573e-02,
       9.9979809509435424e-01, 1.5411325465357173e-02,
       1.2894188345989880e-02, -7.5870428109281920e-02,
       -1.2960601076250990e-02, 4.2172625137035409e-03,
       9.9990711444445313e-01, -2.3164711712068253e-03, 0., 0., 0., 1. ]
