%YAML:1.0
---
body_T_cam0: !!opencv-matrix
   rows: 4
   cols: 4
   dt: d
   data: [ 1.5355214805891859e-02, -9.9987236692723358e-01,
       4.4121688087117826e-03, -1.2542557012961964e-02,
       9.9979749080776825e-01, 1.5411170717922751e-02,
       1.2941143365002393e-02, -7.6026996916673056e-02,
       -1.3007488333856957e-02, 4.2125612677668869e-03,
       9.9990652541865621e-01, -2.2842999097856366e-03, 0., 0., 0., 1. ]
