%YAML:1.0
---
body_T_cam0: !!opencv-matrix
   rows: 4
   cols: 4
   dt: d
   data: [ 1.3873775122832832e-02, -9.9989605176265961e-01,
       3.9247972286345651e-03, -1.4031930891530393e-02,
       9.9984006689812399e-01, 1.3917085793386019e-02,
       1.1231889786432619e-02, -7.8756056163362648e-02,
       -1.1285343991039866e-02, 3.7683408105381459e-03,
       9.9992921780421018e-01, 1.3104837819647453e-02, 0., 0., 0., 1. ]
