%YAML:1.0
---
body_T_cam0: !!opencv-matrix
   rows: 4
   cols: 4
   dt: d
   data: [ 1.6485140550825728e-02, -9.9985939608398289e-01,
       3.0705379972425203e-03, -1.2303170158449828e-02,
       9.9977575356792603e-01, 1.6524431359559277e-02,
       1.3243328355402088e-02, -6.6752573319708255e-02,
       -1.3292205185946572e-02, 2.8515313107525505e-03,
       9.9990758875532015e-01, 4.3245834678252073e-03, 0., 0., 0., 1. ]
