%YAML:1.0
---
body_T_cam0: !!opencv-matrix
   rows: 4
   cols: 4
   dt: d
   data: [ 1.5635209244089454e-02, -9.9987571378893469e-01,
       2.0241558640805221e-03, -1.4455325656947101e-02,
       9.9978901302598588e-01, 1.5660761360883235e-02,
       1.3291726228095158e-02, -7.4359523158475216e-02,
       -1.3321774071748348e-02, 1.8159098727684045e-03,
       9.9990961231849118e-01, 2.1095466494933362e-03, 0., 0., 0., 1. ]
