%YAML:1.0
---
body_T_cam0: !!opencv-matrix
   rows: 4
   cols: 4
   dt: d
   data: [ 1.3989287911666648e-02, -9.9990191231764192e-01,
       -6.8232488399696395e-04, -2.1501907293731626e-02,
       9.9981571528255209e-01, 1.3979103379161972e-02,
       1.3157512787510504e-02, -6.2995644077224522e-02,
       -1.3146683907484011e-02, -8.6626337653443030e-04,
       9.9991320337817280e-01, 1.0341047517170332e-02, 0., 0., 0., 1. ]
