%YAML:1.0
---
body_T_cam0: !!opencv-matrix
   rows: 4
   cols: 4
   dt: d
   data: [ 1.5173865440295087e-02, -9.9987314428158158e-01,
       4.8424324532088869e-03, -1.3519657529187252e-02,
       9.9979469281822819e-01, 1.5237360842693337e-02,
       1.3356460873109273e-02, -7.7596623538947043e-02,
       -1.3428552420315598e-02, 4.6387691270018674e-03,
       9.9989907280729151e-01, -2.0942586671584443e-03, 0., 0., 0., 1. ]
