%YAML:1.0
---
body_T_cam0: !!opencv-matrix
   rows: 4
   cols: 4
   dt: d
   data: [ 1.6618024063124626e-02, -9.9986057808850326e-01,
       1.6326851385548248e-03, -1.3170195195988707e-02,
       9.9979073817252573e-01, 1.6636302049603535e-02,
       1.1904340324038979e-02, -6.5894806074586726e-02,
       -1.1929842441272789e-02, 1.4345168659185351e-03,
       9.9992780790449454e-01, 3.8895962018625435e-03, 0., 0., 0., 1. ]
